tree
version=v4
num_class=1
num_tree_per_iteration=1
label_index=0
max_feature_idx=20
objective=regression_l1
feature_names=year month_sin month_cos num_holidays consumption_lag_1m consumption_lag_2m consumption_lag_3m consumption_lag_12m consumption_roll_mean_12m eur_per_mwh_lag_12m avg_temp_lag_12m avg_hum_lag_12m wind_lag_12m rain_lag_12m air_pressure_lag_12m m_area region municipality segment p_type c_bucket
feature_infos=[2021:2023] [-1:1] [-1:1] [0:4] [73.64870663466057:8168.8974875004878] [73.64870663466057:8168.8974875004878] [73.64870663466057:8168.8974875004878] [93.3085077466786:8168.8974875004878] [91.032433583982652:7720.4945703093144] [36.833500000000001:261.53301075268814] [-12.473521505376343:21.38595430107527] [53.274755144217806:94.245967741935488] [0:6.1548387096774189] [0:0.19973118279569893] [996.08802083333342:1024.4669354838711] -1:3:5:0:2:1:4 -1:13:9:6:8:1:3:4:5:11:2:7:14:0:12 -1:0:1:3:5:20:15:13:4:26:2:9:11:16:28:29:8:10:17:22:27:6:7:12:14:18:19:21:23:24 -1:1:0 -1:3:4:1:0 -1:1:2:0
tree_sizes=1518 1572 1645 1470 1670 1805 1888 1896 1906 1925 1881

Tree=0
num_leaves=17
num_cat=3
split_feature=4 10 7 20 6 4 7 10 6 7 19 1 20 14 14 7
split_gain=2073.01 202.353 219.193 79.6591 41.4275 79.0201 34.3245 31.9118 30.5607 20.2217 6.5554 27.5373 6.75377 6.22619 4.66065 0.327245
threshold=242.94139990453468 4.839930555555557 718.94206112883444 0 246.65703145312261 759.93490510485674 1176.8725000054935 1.0422435035842297 235.21991396418878 519.9113867064367 1 -0.24999999999999997 2 1004.0786290322582 1011.9277262544804 221.35330100556988
decision_type=10 8 10 1 10 10 10 10 10 10 9 2 1 10 10 10
left_child=3 2 7 8 5 -3 13 -2 15 -9 11 -6 -12 -4 -15 -1
right_child=1 4 6 -5 10 -7 -8 9 -10 -11 12 -13 -14 14 -16 -17
leaf_value=355.87865482147885 369.18233461229232 368.40619883958811 373.76321310159341 377.03209642218428 381.71089160409542 380.83169682208074 447.9487423304513 370.88499095377097 371.37488420974699 376.6958506226951 385.27903243230799 374.44789357699653 414.76156048863197 376.31719884314833 374.21134086209253 355.76282668867634
leaf_weight=1361 194 66 39 56 107 91 201 48 39 48 228 74 955 100 47 42
leaf_count=1361 194 66 39 56 107 91 201 48 39 48 228 74 955 100 47 42
internal_value=374.122 374.172 374.134 374.049 374.188 374.144 374.175 374.082 374.045 374.122 374.193 374.16 374.197 374.145 374.153 374.043
internal_weight=3696 2198 677 1498 1521 157 387 290 1442 96 1364 181 1183 186 147 1403
internal_count=3696 2198 677 1498 1521 157 387 290 1442 96 1364 181 1183 186 147 1403
cat_boundaries=0 1 2 3
cat_threshold=2 2 2
is_linear=0
shrinkage=1


Tree=1
num_leaves=17
num_cat=0
split_feature=8 10 8 6 8 8 8 1 8 7 8 3 5 9 7 3
split_gain=2160.88 204.785 209.931 62.5198 111.552 28.9159 26.3751 19.0884 17.5363 25.7995 15.8909 37.5377 13.916 6.92407 4.0604 0.769323
threshold=355.27766939021359 5.1174171146953418 604.7665847177301 227.11984731178998 711.41821662679274 477.09185297005905 253.49064766724595 0.25000000000000011 1166.7366314130993 1137.4782614271774 438.8091270262467 1.0000000180025095e-35 338.59707954628846 79.103014112903239 687.88705597919704 2.5000000000000004
decision_type=2 8 2 10 2 2 2 2 2 10 2 2 8 10 10 2
left_child=6 2 5 4 -3 7 -1 -2 9 -4 11 -5 -8 -7 -15 -13
right_child=1 3 8 10 -6 13 12 -9 -10 -11 -12 15 -14 14 -16 -17
leaf_value=-16.795480047739513 -0.23679092002773608 -5.8655364572158382 2.6653256345441965 9.3627048120873475 5.3051443969085126 -0.93583953478464266 2.3827089416246938 -5.0323248218791399 105.16744425557407 -1.6160185422188802 33.440917457159046 0.78457641022513824 -5.4000686941625098 1.5949868588901128 -1.0396551428443572 -0.59026758191969897
leaf_weight=1410 39 70 104 138 144 69 38 137 172 53 1098 47 37 38 53 49
leaf_count=1410 39 70 104 138 144 69 38 137 172 53 1098 47 37 38 53 49
internal_value=-0.00150571 0.0488236 0.0104238 0.0649749 0.0207056 -0.0333168 -0.0768101 -0.0562388 0.0567767 0.030768 0.0716621 0.0457567 -0.0193399 -0.0045635 0.00536488 0.000904277
internal_weight=3696 2211 665 1546 214 336 1485 176 329 157 1332 234 75 160 91 96
internal_count=3696 2211 665 1546 214 336 1485 176 329 157 1332 234 75 160 91 96
is_linear=0
shrinkage=0.0805658


Tree=2
num_leaves=18
num_cat=2
split_feature=8 8 4 20 19 10 7 4 8 5 14 10 8 5 10 6 5
split_gain=2098.86 188.734 206.572 44.0909 43.0955 30.6039 35.8821 28.2009 26.3751 13.916 11.012 9.71554 5.27326 4.73796 2.53897 0.763493 0.72992
threshold=355.27766939021359 513.03310268669793 396.39861110259596 0 1 -2.7763343253968249 1637.9741381530396 557.92290763463973 253.49064766724595 338.59707954628846 1010.9207907706094 0.12277553763440863 642.08704489726676 306.50336559275803 2.2756541218637998 668.91710484692896 401.30209926597507
decision_type=2 2 8 1 9 8 10 8 2 8 8 8 2 10 10 10 10
left_child=8 2 10 7 11 6 15 -3 -1 -10 -2 -4 -9 -7 -6 -5 -12
right_child=1 3 4 5 14 13 -8 12 9 -11 16 -13 -14 -15 -16 -17 -18
leaf_value=-15.442338255886169 2.9238364334916374 19.901084476413029 -1.494533325369783 0.38008241435866408 -5.0126623617315387 3.6464819022617752 83.756394314578742 -3.4658399819156842 2.1907440178731425 -4.9650076772591172 7.8258977781618553 2.2767014528635379 1.2099051893948358 36.741340689219086 -2.0704868596321551 -0.60346129266450166 5.1101123907990127
leaf_weight=1410 67 69 51 67 165 96 79 47 38 37 240 64 48 1090 38 44 46
leaf_count=1410 67 69 51 67 165 96 79 47 38 37 240 64 48 1090 38 44 46
internal_value=-0.00259552 0.047002 0.0103307 0.0626128 -0.035707 0.067498 0.0317829 0.0181806 -0.0768101 -0.0193399 0.0533761 0.00133789 -0.00513975 0.0727396 -0.0566815 0 0.0610827
internal_weight=3696 2211 671 1540 318 1376 190 164 1485 75 353 115 95 1186 203 111 286
internal_count=3696 2211 671 1540 318 1376 190 164 1485 75 353 115 95 1186 203 111 286
cat_boundaries=0 1 2
cat_threshold=2 9
is_linear=0
shrinkage=0.0805658


Tree=3
num_leaves=16
num_cat=2
split_feature=8 1 8 2 2 8 8 5 18 6 19 7 6 5 11
split_gain=1889.33 305.104 363.26 70.3166 53.6495 43.9489 43.1201 32.3607 16.007 9.10467 8.64563 6.14003 4.61391 1.63813 1.1488
threshold=338.34396703823302 0.25000000000000011 857.75588011041873 -0.5 0.93301270189221952 611.0423886155769 624.3751579529652 607.95069301436763 0 310.84087588073868 1 1176.8725000054935 966.80459027645941 924.35776044530655 73.217585125448039
decision_type=2 2 2 2 2 2 2 10 1 10 9 8 10 8 8
left_child=8 4 3 7 9 -6 10 -3 -1 -2 14 12 -8 -13 -5
right_child=1 2 -4 6 5 -7 11 -9 -10 -11 -12 13 -14 -15 -16
leaf_value=-14.224335637789167 3.97362770815195 -1.3989648039654898 57.670146436760035 -0.40944910133706997 -1.691073648752097 6.066716542295814 1.4303483573732316 6.3209532700459619 -5.3800243582776126 28.545207641389108 -4.342572030145015 -0.90744786318567261 -0.78645387797519095 -1.3718605030623543 -1.26442573326659
leaf_weight=1386 116 68 353 38 64 73 40 68 54 975 264 37 40 47 73
leaf_count=1386 116 68 353 38 64 73 40 68 54 975 264 37 40 47 73
internal_value=-0.00603932 0.0398159 0.00682254 -0.0272101 0.0669729 0.0141282 -0.0406444 0.0219148 -0.078259 0.0730918 -0.0558285 -0.00249124 0.0091087 -0.0201421 -0.0199759
internal_weight=3696 2256 1028 675 1228 137 539 136 1440 1091 375 164 80 84 111
internal_count=3696 2256 1028 675 1228 137 539 136 1440 1091 375 164 80 84 111
cat_boundaries=0 1 2
cat_threshold=2 8
is_linear=0
shrinkage=0.0805658


Tree=4
num_leaves=18
num_cat=0
split_feature=8 1 8 5 2 3 5 8 5 11 10 5 11 6 5 6 8
split_gain=1752.81 300.325 269.161 86.8187 68.6562 42.6817 58.5684 28.6185 18.2338 17.655 16.8475 16.2083 14.2613 7.15935 1.88003 1.38965 0.837587
threshold=358.41886052675437 0.25000000000000011 1449.5033777528251 602.42556185199271 1.0000000180025095e-35 2.5000000000000004 584.50529240394019 231.82396128707472 335.77361888359331 68.607213261648766 18.685864695340506 669.9530621537499 87.043418778801865 333.91146460749712 315.49676201443305 617.94901390958364 642.08704489726676
decision_type=2 2 2 10 2 2 10 2 8 8 8 10 8 10 10 10 2
left_child=7 5 3 9 11 13 10 -1 -9 -3 -7 -5 -6 14 -2 16 -14
right_child=1 2 -4 4 12 6 -8 8 -10 -11 -12 -13 15 -15 -16 -17 -18
leaf_value=-13.071236505716826 5.3605523959440236 -0.0007028941396015518 96.793623409414252 -0.72878710261375301 -2.0355469077629746 0.85420544226916229 58.433419738548764 -0.10442101268175843 -8.3375722592615666 -2.8562931419482087 -2.3680078225554047 4.0302484965855569 -1.4241347909381077 28.863676332816418 1.9661193761434894 0.56099949519840764 -0.83433857282217361
leaf_weight=1380 91 42 245 38 101 65 91 65 55 308 45 143 38 859 40 51 39
leaf_count=1380 91 42 245 38 101 65 91 65 55 308 45 143 38 859 40 51 39
internal_value=-0.00896001 0.0367218 0.00369291 -0.0193998 0.00453193 0.0641161 0.0256442 -0.0762033 -0.0301857 -0.0490037 -0.00955288 0.0426912 -0.0232158 0.0713533 0.0417677 -0.000678775 -0.0105041
internal_weight=3696 2196 1005 760 410 1191 201 1500 120 350 110 181 229 990 131 128 77
internal_count=3696 2196 1005 760 410 1191 201 1500 120 350 110 181 229 990 131 128 77
is_linear=0
shrinkage=0.0805658


Tree=5
num_leaves=20
num_cat=2
split_feature=8 8 2 3 8 9 19 6 8 5 8 8 5 16 2 8 14 8 5
split_gain=1644.61 212.872 245.782 62.8326 74.9478 55.498 53.9631 48.2808 30.9338 22.5943 22.6907 17.1619 16.8301 15.7962 5.74232 5.60867 4.86246 4.76085 2.07312
threshold=358.41886052675437 1449.5033777528251 1.0000000180025095e-35 1.5000000000000002 582.02505499557117 119.59004704301076 0 467.7236536535674 231.82396128707472 335.77361888359331 650.91538646872516 501.15714985077921 338.59707954628846 1 -0.5 642.08704489726676 1011.6939009787993 382.39680475585402 1231.5540025928028
decision_type=2 2 2 2 2 10 9 8 2 8 2 2 8 9 2 2 10 2 8
left_child=8 2 3 17 5 16 7 11 -1 -8 -11 -4 -10 -9 -6 -15 -5 -2 -17
right_child=1 -3 6 4 14 -7 9 13 12 10 -12 -13 -14 15 -16 18 -18 -19 -20
leaf_value=-12.018141486294319 3.7201386722162861 151.76460058526087 -0.2550864127840165 -2.0577492518237483 10.461170742074428 7.6456418103376249 0.5503335794189701 -1.4845339635665922 -0.11709752347154344 -4.032039424841134 -0.82076231427024127 9.2279165547396964 -7.7812147313232369 -0.6514102232446255 1.153786581186131 1.4729222804460256 -0.34417117155802035 20.631182706438487 0.069152736872496082
leaf_weight=1380 45 532 40 127 130 71 46 123 68 209 72 110 52 69 71 52 53 405 41
leaf_count=1380 45 532 40 127 130 71 46 123 68 209 72 110 52 69 71 52 53 405 41
internal_value=-0.0109653 0.0332737 0.0186409 0.0472402 0.0240601 -0.00323169 -0.0144874 0.00327116 -0.0760959 -0.0387114 -0.0487084 0.041312 -0.0288465 -0.0147061 0.0608604 0 -0.0290775 0.0692516 0.0156096
internal_weight=3696 2196 1664 902 452 251 762 435 1500 327 281 150 120 285 201 162 180 450 93
internal_count=3696 2196 1664 902 452 251 762 435 1500 327 281 150 120 285 201 162 180 450 93
cat_boundaries=0 1 2
cat_threshold=9 21316
is_linear=0
shrinkage=0.0805658


Tree=6
num_leaves=21
num_cat=0
split_feature=8 8 1 3 8 5 3 8 3 5 1 0 6 11 8 11 10 4 11 10
split_gain=1596.95 200.499 247.963 71.5354 67.1846 65.3413 42.4317 35.2849 32.9954 30.3557 20.3336 12.2885 11.4261 10.3569 9.63556 5.57025 5.4329 4.95492 2.85548 2.37854
threshold=375.45119672725792 1679.9006045821743 0.25000000000000011 3.5000000000000004 231.82396128707472 574.99687255724405 2.5000000000000004 575.00231549676801 1.0000000180025095e-35 315.49676201443305 0.68301270189221941 2021.5000000000002 828.61536463217317 72.008781362007184 642.08704489726676 88.042818740399397 18.685864695340506 866.8818996348773 87.517881144393257 15.932594086021506
decision_type=2 2 2 2 2 10 2 2 2 8 2 2 10 8 2 10 8 10 10 8
left_child=4 2 3 7 -1 13 14 8 19 -6 -8 -5 -12 -4 15 -7 -10 -16 -19 -2
right_child=1 -3 5 11 9 6 10 -9 16 -11 12 -13 -14 -15 17 -17 -18 18 -20 -21
leaf_value=-11.04988994127819 3.7514749816248449 144.67465916276583 -1.1205308503607438 -2.0975496440006776 0.5226747122336588 -1.6571663407499073 9.1722062147189583 25.073407611441269 1.9152830743191369 -3.0159050835170933 -1.6207364185045186 0.60943744727740967 1.4946651355906659 -2.6536918852935978 1.7771421869267896 -0.40731893161046001 -0.75662617282921818 -1.6533407740785726 0.72370739800736961 8.199433834736066
leaf_weight=1380 109 504 51 49 89 114 74 355 73 121 41 48 61 226 37 39 53 58 39 175
leaf_count=1380 109 504 51 49 89 114 74 355 73 121 41 48 61 226 37 39 53 58 39 175
internal_value=-0.0120551 0.0337774 0.0193621 0.0488709 -0.0731066 -0.014265 0.00314408 0.0572757 0.0383038 -0.0264622 0.0352203 -0.0116568 0.00557551 -0.0453437 -0.0146037 -0.0284179 0 0 -0.00834544 0.0535783
internal_weight=3696 2106 1602 862 1590 740 463 765 410 210 176 97 102 277 287 153 126 134 97 284
internal_count=3696 2106 1602 862 1590 740 463 765 410 210 176 97 102 277 287 153 126 134 97 284
is_linear=0
shrinkage=0.0805658


Tree=7
num_leaves=21
num_cat=3
split_feature=4 1 5 2 5 2 18 4 9 4 20 5 20 7 11 9 9 5 14 4
split_gain=1442.25 226.734 161.944 78.5254 52.956 47.108 43.7479 43.376 36.6129 41.2686 36.0628 21.3905 16.2245 15.4498 9.93039 9.80191 5.8952 5.31142 4.92008 4.21129
threshold=226.58752214282481 0.25000000000000011 761.97031801825767 0.6830127018922193 734.03926230218917 1.0000000180025095e-35 0 2905.6135324756356 119.59004704301076 533.62354958880235 1 398.08517517050387 2 606.45339216904608 87.441244239631359 162.12476254480291 87.967784498207905 513.85567681290377 1011.5956250000002 637.83309036157368
decision_type=10 2 10 2 10 2 1 10 10 10 1 10 1 10 8 10 10 10 8 8
left_child=6 3 8 11 13 -4 10 14 9 -3 -1 15 -11 17 -7 16 -2 -5 19 -14
right_child=1 2 5 4 -6 7 -8 -9 -10 12 -12 -13 18 -15 -16 -17 -18 -19 -20 -21
leaf_value=-10.184876069120236 3.8203558284217345 -3.397713268090544 15.026209661700587 -1.694558950217339 101.91599068653581 -1.9543819468142842 -0.23726691533891614 58.79863199413888 3.9668480790448144 -3.8183057260150957 -0.53279633611131094 42.883315931765068 -1.4717777704944501 1.7340132343223693 0.40269652666408295 16.181873596478152 2.8872972567768351 -0.51264710934447388 0.33739835670263374 0.27446489246118511
leaf_weight=1365 232 233 211 87 70 79 51 90 39 74 54 551 47 74 88 106 58 48 102 37
leaf_count=1365 232 233 211 87 70 79 51 90 39 74 54 551 47 74 88 106 58 48 102 37
internal_value=-0.0128833 0.0278314 -8.70737e-05 0.051052 0.0109839 0.033904 -0.0749088 0.00816583 -0.0310386 -0.0375752 -0.0775437 0.0622605 -0.012714 -0.00695924 -0.0135211 0.0441291 0.0324906 -0.0250536 0 -0.0144093
internal_weight=3696 2226 1000 1226 279 468 1470 257 532 493 1419 947 260 209 167 396 290 135 186 84
internal_count=3696 2226 1000 1226 279 468 1470 257 532 493 1419 947 260 209 167 396 290 135 186 84
cat_boundaries=0 1 2 3
cat_threshold=2 2 2
is_linear=0
shrinkage=0.0805658


Tree=8
num_leaves=21
num_cat=2
split_feature=8 1 8 2 8 19 6 2 9 17 9 9 8 8 9 6 9 2 5 14
split_gain=1431.47 216.9 221.549 101.831 64.8862 59.0617 55.177 31.3581 22.8207 22.1461 18.5298 11.3435 9.30552 6.72987 6.61009 6.1754 5.46463 5.2819 4.91658 2.52831
threshold=338.34396703823302 -0.24999999999999997 1862.0053715064148 -0.5 575.00231549676801 0 635.82209488333763 0.6830127018922193 98.066648745519728 1 119.59004704301076 56.636407738095251 222.48348783987902 2268.7416605349708 98.066648745519728 539.33735705137258 73.463790322580664 1.0000000180025095e-35 1589.1459312205127 1019.8891801075271
decision_type=2 2 2 2 2 9 10 2 8 9 10 8 2 2 10 10 10 2 8 8
left_child=12 4 3 6 7 9 10 8 16 18 -3 -8 -1 -4 17 -7 -2 -11 19 -5
right_child=1 2 13 5 -6 15 11 -9 -10 14 -12 -13 -14 -15 -16 -17 -18 -19 -20 -21
leaf_value=-9.3425416811285995 2.3307471620564648 -1.3937873546845509 13.728830589399756 1.0991955273624903 47.324129930356563 -3.2822242334963629 0.94597416071351859 -0.71061607167057572 6.9207021734203469 -0.38191746894306067 3.3244556691124898 11.377817676606398 -8.7011626232021335 91.704247203252208 0.41842013983296195 -2.0775852156738939 -0.68109600485322419 -1.4066084365507554 -0.79802979691702236 0.096142152146970639
leaf_weight=1365 63 95 45 80 479 235 51 62 220 58 53 123 75 245 39 93 63 176 39 37
leaf_count=1365 63 95 45 80 479 235 51 62 220 58 53 123 75 245 39 93 63 176 39 37
internal_value=-0.0151937 0.0246762 0.00412331 -0.0122478 0.0557565 -0.0287319 0.0247658 0.0298098 0.0397991 -0.0066168 -0.0081918 0.0559597 -0.0780352 0.0669013 -0.0210658 -0.0540757 0.00706734 -0.0271901 0.0150556 0.0247772
internal_weight=3696 2256 1369 1079 887 757 322 408 346 429 148 174 1440 290 273 328 126 234 156 117
internal_count=3696 2256 1369 1079 887 757 322 408 346 429 148 174 1440 290 273 328 126 234 156 117
cat_boundaries=0 1 2
cat_threshold=9 2173490
is_linear=0
shrinkage=0.0805658


Tree=9
num_leaves=21
num_cat=2
split_feature=8 8 9 2 4 8 8 9 6 12 17 3 5 8 7 11 5 17 7 8
split_gain=1409.43 174.734 126.767 74.1251 71.8979 68.5019 65.8916 41.8152 37.2266 24.5368 21.6147 20.2726 17.3801 10.0728 11.5849 8.66829 7.01365 6.29127 8.97665 5.66694
threshold=375.45119672725792 624.3751579529652 119.59004704301076 1.0000000180025095e-35 430.8292706154258 2559.1601869380902 222.48348783987902 136.33902329749108 467.7236536535674 3.1177822580645169 0 1.0000000180025095e-35 2265.4249608901173 456.34640110722484 331.12795795609861 78.171863799283173 295.25699377012205 1 528.75556129403014 1201.5786258892379
decision_type=2 2 10 2 8 2 2 10 8 10 9 2 8 2 10 10 8 9 10 2
left_child=6 2 4 -3 9 8 -1 16 -5 11 12 -2 -10 14 -4 -11 -8 18 -6 -12
right_child=1 3 13 5 17 -7 7 -9 10 15 19 -13 -14 -15 -16 -17 -18 -19 -20 -21
leaf_value=-8.5898520554118054 5.7819378356871898 46.809487441561245 20.02467556153357 7.8795020552886958 -1.4237791696260869 77.003680725480038 -1.0154248098280587 3.2467373268928199 4.6669933471234337 -1.366439081824131 -1.5521539874670696 -0.1586774250090322 -2.1286096331813047 12.898947281396664 -0.0037430802257596759 1.0636689841237934 -2.4998085616993171 -2.1400788839415106 0.38470977393977024 0.20308838618961653
leaf_weight=1365 116 591 37 79 64 151 42 44 87 59 140 52 57 139 50 67 139 307 67 43
leaf_count=1365 116 591 37 79 64 151 42 44 87 59 140 52 57 139 50 67 139 307 67 43
internal_value=-0.0157604 0.027275 0.00126787 0.048486 -0.0144208 0.0257432 -0.0731066 -0.0286337 0.00695591 0.0150776 -0.00346588 0.0359369 0.0172704 0.0544937 0.022218 -0.0083429 -0.0471345 -0.0354893 -0.0103078 -0.022538
internal_weight=3696 2106 958 1148 732 557 1590 225 406 294 327 168 144 226 87 126 181 438 131 183
internal_count=3696 2106 958 1148 732 557 1590 225 406 294 327 168 144 226 87 126 181 438 131 183
cat_boundaries=0 1 2
cat_threshold=2107395 268437016
is_linear=0
shrinkage=0.0805658


Tree=10
num_leaves=21
num_cat=4
split_feature=8 1 8 9 8 0 19 8 18 6 2 17 17 6 9 2 8 5 5 8
split_gain=1282.06 251.275 236.982 76.8245 63.1707 32.8785 25.3404 24.2129 22.0303 21.5727 20.9331 19.9255 11.1941 10.8664 9.84053 6.67797 4.46364 4.00909 1.69602 1.67035
threshold=338.34396703823302 -0.24999999999999997 1201.5786258892379 119.59004704301076 611.0423886155769 2022.5000000000002 0 2559.1601869380902 1 566.11319188685434 1.0000000180025095e-35 2 3 966.80459027645941 73.463790322580664 -0.24999999999999997 731.58113795092788 2454.7272786250132 433.62823879495346 736.28719227677823
decision_type=2 2 2 10 2 2 9 2 1 10 2 9 9 10 10 2 2 8 10 2
left_child=8 4 3 6 5 11 16 10 -1 18 -4 -2 19 -14 15 -13 -3 -12 -5 -8
right_child=1 2 7 9 -6 -7 12 -9 -10 -11 17 14 13 -15 -16 -17 -18 -19 -20 -21
leaf_value=-7.9323693774883361 3.9966236086371247 -2.6365955806818149 68.907866265525698 -1.2311419188451296 56.260195090765222 14.666060528324785 -0.44078601339830942 83.599985236691211 -2.4588138864939184 11.85973288634756 3.9724737727406985 2.7117455818022318 -1.3336600197901609 0.066038759854486428 -1.1179206689724102 -0.12094542550413362 -1.9233429875979966 -3.5948534451876228 1.0460866172996608 1.1533975672243948
leaf_weight=1386 100 329 56 39 434 126 160 209 54 61 42 66 206 51 69 92 55 49 51 61
leaf_count=1386 100 329 56 39 434 126 160 209 54 61 42 66 206 51 69 92 55 49 51 61
internal_value=-0.0184632 0.0192488 -0.00200521 -0.0222683 0.0526694 0.0295165 -0.0318669 0.0540572 -0.0779234 0.0287935 0.0230129 0.0138036 -0.0163469 -0.0277515 0 0.0107276 -0.0480306 0 0 -2.82545e-05
internal_weight=3696 2256 1369 1013 887 453 862 356 1440 151 147 327 478 257 227 158 384 91 90 221
internal_count=3696 2256 1369 1013 887 453 862 356 1440 151 147 327 478 257 227 158 384 91 90 221
cat_boundaries=0 1 2 3 4
cat_threshold=18 2 537954312 2171411
is_linear=0
shrinkage=0.0805658


end of trees

feature_importances:
consumption_roll_mean_12m=49
consumption_lag_2m=25
consumption_lag_3m=15
eur_per_mwh_lag_12m=14
month_cos=13
consumption_lag_12m=11
consumption_lag_1m=10
month_sin=9
avg_temp_lag_12m=9
num_holidays=8
avg_hum_lag_12m=8
air_pressure_lag_12m=6
p_type=6
municipality=5
c_bucket=5
segment=3
year=2
wind_lag_12m=1
region=1

parameters:
[boosting: gbdt]
[objective: regression_l1]
[metric: rmse]
[tree_learner: serial]
[device_type: cpu]
[data_sample_strategy: bagging]
[data: ]
[valid: ]
[num_iterations: 2000]
[learning_rate: 0.0805658]
[num_leaves: 21]
[num_threads: -1]
[seed: 42]
[deterministic: 0]
[force_col_wise: 0]
[force_row_wise: 0]
[histogram_pool_size: -1]
[max_depth: -1]
[min_data_in_leaf: 37]
[min_sum_hessian_in_leaf: 0.001]
[bagging_fraction: 0.952565]
[pos_bagging_fraction: 1]
[neg_bagging_fraction: 1]
[bagging_freq: 0]
[bagging_seed: 400]
[bagging_by_query: 0]
[feature_fraction: 0.850319]
[feature_fraction_bynode: 1]
[feature_fraction_seed: 30056]
[extra_trees: 0]
[extra_seed: 12879]
[early_stopping_round: 0]
[early_stopping_min_delta: 0]
[first_metric_only: 0]
[max_delta_step: 0]
[lambda_l1: 6.91888]
[lambda_l2: 0.321912]
[linear_lambda: 0]
[min_gain_to_split: 0]
[drop_rate: 0.1]
[max_drop: 50]
[skip_drop: 0.5]
[xgboost_dart_mode: 0]
[uniform_drop: 0]
[drop_seed: 17869]
[top_rate: 0.2]
[other_rate: 0.1]
[min_data_per_group: 100]
[max_cat_threshold: 32]
[cat_l2: 10]
[cat_smooth: 10]
[max_cat_to_onehot: 4]
[top_k: 20]
[monotone_constraints: ]
[monotone_constraints_method: basic]
[monotone_penalty: 0]
[feature_contri: ]
[forcedsplits_filename: ]
[refit_decay_rate: 0.9]
[cegb_tradeoff: 1]
[cegb_penalty_split: 0]
[cegb_penalty_feature_lazy: ]
[cegb_penalty_feature_coupled: ]
[path_smooth: 0]
[interaction_constraints: ]
[verbosity: -1]
[saved_feature_importance_type: 0]
[use_quantized_grad: 0]
[num_grad_quant_bins: 4]
[quant_train_renew_leaf: 0]
[stochastic_rounding: 1]
[linear_tree: 0]
[max_bin: 255]
[max_bin_by_feature: ]
[min_data_in_bin: 3]
[bin_construct_sample_cnt: 200000]
[data_random_seed: 175]
[is_enable_sparse: 1]
[enable_bundle: 1]
[use_missing: 1]
[zero_as_missing: 0]
[feature_pre_filter: 0]
[pre_partition: 0]
[two_round: 0]
[header: 0]
[label_column: ]
[weight_column: ]
[group_column: ]
[ignore_column: ]
[categorical_feature: 15,16,17,18,19,20]
[forcedbins_filename: ]
[precise_float_parser: 0]
[parser_config_file: ]
[objective_seed: 16083]
[num_class: 1]
[is_unbalance: 0]
[scale_pos_weight: 1]
[sigmoid: 1]
[boost_from_average: 1]
[reg_sqrt: 0]
[alpha: 0.9]
[fair_c: 1]
[poisson_max_delta_step: 0.7]
[tweedie_variance_power: 1.5]
[lambdarank_truncation_level: 30]
[lambdarank_norm: 1]
[label_gain: ]
[lambdarank_position_bias_regularization: 0]
[eval_at: ]
[multi_error_top_k: 1]
[auc_mu_weights: ]
[num_machines: 1]
[local_listen_port: 12400]
[time_out: 120]
[machine_list_filename: ]
[machines: ]
[gpu_platform_id: -1]
[gpu_device_id: -1]
[gpu_use_dp: 0]
[num_gpu: 1]

end of parameters

pandas_categorical:[["Eastern Finland", "Lapland", "Northern Finland", "Southern Finland", "Southwestern Finland", "Western and Inland Finland"], ["Etel\u00e4-Karjala", "Etel\u00e4-Pohjanmaa", "Etel\u00e4-Savo", "Kanta-H\u00e4me", "Keski-Suomi", "Lappi", "Pirkanmaa", "Pohjanmaa", "Pohjois-Karjala", "Pohjois-Pohjanmaa", "Pohjois-Savo", "P\u00e4ij\u00e4t-H\u00e4me", "Satakunta", "Uusimaa", "Varsinais-Suomi"], ["Espoo", "Etel\u00e4-Pohjanmaa", "Etel\u00e4-Savo", "Joensuu", "Jyv\u00e4skyl\u00e4", "Kanta-H\u00e4me", "Kanta-H\u00e4me_Others", "Keski-Suomi", "Keski-Suomi_Others", "Lahti", "Lappeenranta", "Lappi", "Lappi_Others", "Oulu", "Pirkanmaa", "Pirkanmaa_Others", "Pohjanmaa", "Pohjois-Karjala", "Pohjois-Karjala_Others", "Pohjois-Pohjanmaa", "Pohjois-Pohjanmaa_Others", "Pohjois-Savo_Others", "Pori", "P\u00e4ij\u00e4t-H\u00e4me", "P\u00e4ij\u00e4t-H\u00e4me_Others", "Rovaniemi", "Tampere", "Uusimaa_Others", "Vantaa", "Varsinais-Suomi_Others"], ["Enterprise", "Private"], ["Fixed Price", "Flat/Hybrid", "Portfolio", "Spot Price", "Variable Price"], ["High", "Low", "Medium"]]
