tree
version=v4
num_class=1
num_tree_per_iteration=1
label_index=0
max_feature_idx=20
objective=regression_l1
feature_names=year month_sin month_cos num_holidays consumption_lag_1m consumption_lag_2m consumption_lag_3m consumption_lag_12m consumption_roll_mean_12m eur_per_mwh_lag_12m avg_temp_lag_12m avg_hum_lag_12m wind_lag_12m rain_lag_12m air_pressure_lag_12m m_area region municipality segment p_type c_bucket
feature_infos=[2021:2023] [-1:1] [-1:1] [0:4] [73.64870663466057:8168.8974875004878] [73.64870663466057:8168.8974875004878] [73.64870663466057:8168.8974875004878] [93.3085077466786:8168.8974875004878] [91.032433583982652:7720.4945703093144] [36.833500000000001:261.53301075268814] [-12.473521505376343:21.38595430107527] [53.274755144217806:94.245967741935488] [0:6.1548387096774189] [0:0.19973118279569893] [996.08802083333342:1024.4669354838711] -1:3:5:0:2:1:4 -1:13:9:6:8:1:3:4:5:11:2:7:14:0:12 -1:0:1:3:5:20:15:13:4:26:2:9:11:16:28:29:8:10:17:22:27:6:7:12:14:18:19:21:23:24 -1:1:0 -1:3:4:1:0 -1:1:2:0
tree_sizes=1137 1409 1490 1674 1817 1888 1915 1852 1917 1878

Tree=0
num_leaves=12
num_cat=1
split_feature=4 2 4 1 20 6 4 6 6 1 7
split_gain=2060.83 256.644 249.619 125.759 103.371 56.6743 37.6236 30.8537 22.9024 19.3961 9.55689
threshold=242.94139990453468 1.0000000180025095e-35 815.12285639266759 -0.24999999999999997 0 336.5087579076914 557.92290763463973 235.21991396418878 641.08644400441699 0.93301270189221952 1087.2570646777233
decision_type=10 2 10 2 1 10 10 10 8 2 8
left_child=4 -2 3 5 7 -3 -5 -1 -4 10 -8
right_child=1 2 8 6 -6 -7 9 -9 -10 -11 -12
leaf_value=359.64292188018328 407.38498550785459 376.64107162872591 378.91939944518316 372.26610462942858 381.81212776968857 387.93168133710037 375.66820382544944 377.20206973718865 443.26190263023034 379.80266210335412 378.12989340319047
leaf_weight=1403 1217 73 48 180 56 135 80 39 355 58 52
leaf_count=1403 1217 73 48 180 56 135 80 39 355 58 52
internal_value=378.205 378.255 378.224 378.19 378.133 378.239 378.162 378.128 378.273 378.191 378.172
internal_weight=3696 2198 981 578 1498 208 370 1442 403 190 132
internal_count=3696 2198 981 578 1498 208 370 1442 403 190 132
cat_boundaries=0 1
cat_threshold=2
is_linear=0
shrinkage=1


Tree=1
num_leaves=15
num_cat=0
split_feature=8 2 8 1 8 8 8 1 1 8 5 8 1 6
split_gain=2052.3 290.165 278.239 112.594 46.6844 44.4104 22.9512 28.7612 21.8199 15.1197 12.8305 13.6518 5.03091 1.02306
threshold=352.82573837416902 1.0000000180025095e-35 896.44917586752047 -0.24999999999999997 481.47459181687424 493.75747918253558 442.49500750043632 0.25000000000000011 0.93301270189221952 253.49064766724595 839.33185466686984 589.49429368530252 -0.6830127018922193 828.61536463217317
decision_type=2 2 2 2 2 2 2 2 2 2 8 2 2 10
left_child=9 6 3 5 -5 12 7 -2 10 -1 11 -6 -3 -10
right_child=1 2 -4 4 8 -7 -8 -9 13 -11 -12 -13 -14 -15
leaf_value=-17.081846734831363 7.711925581662979 0.90388322488606299 86.477460912454234 -5.4607757550426026 -1.1842860260305414 9.3739753754587962 35.855110638218392 -0.049086701680361416 1.8967006131756197 -3.4028562712323973 -3.7780575606045095 0.88847542317001238 -3.0737260328416549 0.076087776805095514
leaf_weight=1410 166 38 313 164 67 126 971 70 48 60 112 69 40 42
leaf_count=1410 166 38 313 164 67 126 971 70 48 60 112 69 40 42
internal_value=-0.00364174 0.0449844 0.0126526 -0.0147235 -0.0357793 0.0343368 0.071808 0.0433239 -0.0164505 -0.0776485 -0.0295505 -0.0077309 -0.007284 0.0134521
internal_weight=3696 2226 1019 706 502 204 1207 236 338 1470 248 136 78 90
internal_count=3696 2226 1019 706 502 204 1207 236 338 1470 248 136 78 90
is_linear=0
shrinkage=0.0805658


Tree=2
num_leaves=16
num_cat=0
split_feature=8 2 8 8 8 5 7 2 10 8 9 10 8 6 5
split_gain=1920.87 287.562 225.648 71.9241 61.0908 54.5971 44.3185 34.6465 21.0416 17.0899 33.4309 15.6081 5.50939 2.75734 3.95238
threshold=368.8465080492453 1.0000000180025095e-35 1449.5033777528251 501.15714985077921 253.49064766724595 848.65643373722457 327.309748392242 0.25000000000000017 1.6803472222222224 535.06354549048467 45.995880376344097 -0.57750336021505366 634.9450085997305 450.65670211520029 688.68253920519794
decision_type=2 2 2 2 2 8 8 2 8 2 8 10 2 10 10
left_child=4 9 3 11 -1 8 -6 -7 13 10 -2 -3 -10 -5 -15
right_child=1 2 -4 5 6 7 -8 -9 12 -11 -12 -13 -14 14 -16
leaf_value=-15.705633573121537 -1.3760205184311869 -3.8208655121495561 106.28566622131768 2.1026852842535444 3.0159630097347554 2.0281615106563518 -4.1565310645714488 -3.4862160793189503 3.5314089330295473 42.773449860173713 8.8686742277262649 -0.49952884014264431 9.4988135545495584 -1.3856432460703032 0.29954758578943297
leaf_weight=1410 40 184 243 37 51 47 99 152 63 781 339 51 98 46 55
leaf_count=1410 40 184 243 37 51 47 99 152 63 781 339 51 98 46 55
internal_value=-0.00590854 0.0435609 0.0106517 -0.0109953 -0.0739959 0.00534837 -0.0198738 -0.0259016 0.0280146 0.0707589 0.0518415 -0.0479588 0.0479839 0.000629703 -0.0016548
internal_weight=3696 2136 976 733 1560 498 150 199 299 1160 379 235 161 138 101
internal_count=3696 2136 976 733 1560 498 150 199 299 1160 379 235 161 138 101
is_linear=0
shrinkage=0.0805658


Tree=3
num_leaves=18
num_cat=1
split_feature=8 2 8 1 5 8 9 9 18 8 10 1 8 8 8 6 5
split_gain=1869.33 292.805 244.943 96.4945 53.1085 39.2509 38.1718 32.8599 28.3427 17.9175 14.1187 9.20761 8.11777 9.47849 7.32477 2.63296 2.15199
threshold=352.82573837416902 1.0000000180025095e-35 1449.5033777528251 -0.24999999999999997 562.11658385514534 446.75859903313875 83.453725198412712 37.576259408602162 0 430.01109984393901 -1.7964933755760366 0.25000000000000011 604.7665847177301 896.44917586752047 688.11131808203925 386.46491867920571 291.15701247132921
decision_type=2 2 2 2 10 2 8 8 1 2 10 2 2 2 2 10 10
left_child=8 7 3 5 12 -3 10 -2 -1 11 -6 16 -5 -14 -8 -7 -9
right_child=1 2 -4 4 6 15 14 9 -10 -11 -12 -13 13 -15 -16 -17 -18
leaf_value=-14.437386941142369 1.4168062892801863 -1.6243907744150607 97.722673295229995 -4.3702925845677143 -2.8082045468811159 3.4529037783356173 0.36276886499548044 2.4335038313765835 -4.5888826699238585 29.584720689069041 0.4180001249398751 0.52475860779491201 -0.04997832396420844 -4.0018752982334833 2.2774878506326188 9.6479772664312478 6.5174597156954173
leaf_weight=1407 67 53 243 189 113 72 67 38 63 944 40 50 58 39 62 83 108
leaf_count=1407 67 53 243 189 113 72 67 38 63 944 40 50 58 39 62 83 108
internal_value=-0.00669321 0.039701 0.00727797 -0.0142261 -0.0319077 0.0313571 -0.00487442 0.066603 -0.0773197 0.0698804 -0.0336726 0.0406605 -0.0565806 -0.0265577 0.02497 0.0529497 0.0512511
internal_weight=3696 2226 1019 776 568 208 282 1207 1470 1140 153 196 286 97 129 155 146
internal_count=3696 2226 1019 776 568 208 282 1207 1470 1140 153 196 286 97 129 155 146
cat_boundaries=0 1
cat_threshold=2
is_linear=0
shrinkage=0.0805658


Tree=4
num_leaves=20
num_cat=2
split_feature=8 2 8 19 1 8 1 1 12 1 8 16 6 6 5 5 8 8 8
split_gain=1817.38 253.075 235.482 94.4023 57.401 53.8651 76.6279 34.2892 24.4292 17.9763 14.1171 10.304 17.966 7.78284 6.92235 5.9762 5.25843 0.808356 0.0785832
threshold=302.80741724527121 1.0000000180025095e-35 1449.5033777528251 0 -0.24999999999999997 577.88082353473919 0.25000000000000011 -0.6830127018922193 4.0846102150537646 0.93301270189221952 695.42485244218665 1 656.6343529383704 602.90221760073916 513.85567681290377 265.53653700269132 375.45119672725792 553.02061537996644 634.9450085997305
decision_type=2 2 2 9 2 2 2 2 8 2 2 9 8 10 10 10 2 2 2
left_child=-1 5 3 7 17 6 15 -3 14 11 -9 18 -13 -11 -8 -2 -17 -5 -6
right_child=1 2 -4 4 9 -7 8 10 -10 13 -12 12 -14 -15 -16 16 -18 -19 -20
leaf_value=-13.266430422559559 3.164179288104771 1.4677908370676527 89.849565002311408 2.5380781564026766 -1.5605893931045236 52.384813411645943 -0.37444363227751731 -4.1203306967372493 -2.8956590714834869 3.0546689306388894 -1.0944368977045795 0.76171299133934345 -2.242925517247945 0.17496214543637387 5.1808949795205885 1.6798501594371482 8.9292078231301861 9.5600257753118942 -0.82134332249393949
leaf_weight=1425 37 46 243 42 79 678 48 249 65 39 49 58 60 51 62 50 294 78 43
leaf_count=1425 37 46 243 42 79 678 48 249 65 39 49 58 60 51 62 50 294 78 43
internal_value=-0.00747787 0.0371054 0.00715168 -0.013498 0.00999037 0.0618172 0.0409954 -0.0448124 -3.72794e-05 -0.00562951 -0.0564652 -0.0184655 0 0.022372 0.0197768 0.0612884 0.0653005 0.0583083 -0.0335368
internal_weight=3696 2271 1037 794 450 1234 556 344 175 330 298 240 118 90 110 381 344 120 122
internal_count=3696 2271 1037 794 450 1234 556 344 175 330 298 240 118 90 110 381 344 120 122
cat_boundaries=0 1 2
cat_threshold=18 9024
is_linear=0
shrinkage=0.0805658


Tree=5
num_leaves=21
num_cat=2
split_feature=8 2 8 8 9 5 8 9 2 18 10 4 18 5 9 8 3 11 7 8
split_gain=1741.6 221.762 231.233 88.8758 61.7208 45.9515 34.2146 33.1563 25.7153 21.5757 16.4492 11.6687 10.0138 9.0015 9.09376 3.37597 2.49628 3.63936 0.582684 0.500507
threshold=302.80741724527121 1.0000000180025095e-35 1679.9006045821743 477.09185297005905 37.576259408602162 848.65643373722457 509.71837113286011 119.59004704301076 0.25000000000000017 0 -3.2800787250384027 355.35930504150809 1 404.16311136210476 73.463790322580664 456.34640110722484 1.5000000000000002 85.611706349206358 357.80882935810109 582.02505499557117
decision_type=2 2 2 2 8 8 2 10 2 1 8 8 1 10 8 2 2 8 10 2
left_child=12 4 3 11 -2 9 7 13 -7 10 19 -3 -1 14 -6 -13 17 -12 -15 -5
right_child=1 2 -4 5 6 8 -8 -9 -10 -11 16 15 -14 18 -16 -17 -18 -19 -20 -21
leaf_value=-12.238071841446983 -0.96684737088797024 -0.63446428123905885 84.945231851990769 -0.29966061685702094 -0.28214440278516356 1.5086709586962952 29.495309303673018 9.5921937121879441 -2.826354154000573 -1.9987401898145822 1.5088075967031556 -3.8847985266057448 -3.150354549060931 -1.0950938728605419 2.3286354791576058 -2.289606852002668 0.29396224352953393 7.1714814241699942 2.0311770602564381 0.6012996956190072
leaf_weight=1386 69 43 231 37 37 49 780 150 164 60 46 169 39 44 117 38 37 120 37 43
leaf_count=1386 69 43 231 37 37 49 780 150 164 60 46 169 39 44 117 38 37 120 37 43
internal_value=-0.00887283 0.0347644 0.00668568 -0.0130973 0.057901 0.00392185 0.0623664 0.0393253 -0.0242017 0.0230163 0.033009 -0.0531312 -0.0788 0.017146 0.0287558 -0.0614307 0.0452044 0.050901 0 0
internal_weight=3696 2271 1037 806 1234 556 1165 385 213 343 283 250 1425 235 154 207 203 166 81 80
internal_count=3696 2271 1037 806 1234 556 1165 385 213 343 283 250 1425 235 154 207 203 166 81 80
cat_boundaries=0 1 2
cat_threshold=2 2
is_linear=0
shrinkage=0.0805658


Tree=6
num_leaves=21
num_cat=0
split_feature=8 1 8 6 5 11 3 3 8 5 8 11 7 5 1 8 11 6 4 12
split_gain=1724.52 186.479 201.185 85.1107 84.6822 53.0966 46.8327 40.3026 26.3644 18.7362 17.0025 13.3879 12.2697 8.91804 6.30841 11.7989 6.29572 8.25896 2.36615 0.788813
threshold=358.41886052675437 0.25000000000000011 1679.9006045821743 366.97087944021263 574.99687255724405 73.613239247311839 1.0000000180025095e-35 3.5000000000000004 231.82396128707472 669.9530621537499 688.11131808203925 73.217585125448039 319.83300388377222 278.33440293550927 0.68301270189221941 796.2486907954252 79.912578405017939 656.6343529383704 576.93127475281653 3.9429704301075272
decision_type=2 2 2 10 10 10 2 2 2 10 2 8 8 10 2 2 10 10 10 10
left_child=8 3 4 6 11 9 13 -5 -1 -6 -9 19 -10 -2 -11 -16 -7 -18 -13 -3
right_child=1 2 -4 7 5 16 -8 10 12 14 -12 18 -14 -15 15 -17 17 -19 -20 -21
leaf_value=-11.242518128167061 0.56614165292331753 0.049823677198192723 99.173368505532622 23.097524278390143 0.0056281966002315739 0.19535223441052363 -2.8500346818616351 -0.89936474176624281 0.57234037527188297 13.535010615980692 10.404059465798476 -3.2435681902947389 -3.5718165085664331 4.4235706739471707 0.23049488273128391 5.2702107652899501 -0.31285308717340243 -3.0082130032967958 -2.3024840717968673 -0.74641223899873277
leaf_weight=1380 42 41 233 846 72 55 70 50 45 75 56 163 75 127 72 49 77 63 65 40
leaf_count=1380 42 41 233 846 72 55 70 50 45 75 56 163 75 127 72 49 77 63 65 40
internal_value=-0.0096139 0.0356947 0.00946294 0.0573534 -0.00970989 0.0111429 0.0114731 0.0682786 -0.0763107 0.0351546 0.0144588 -0.0427365 -0.0315248 0.0362005 0.0480473 0.0279447 -0.0190074 -0.0281799 -0.0533106 -0.00602459
internal_weight=3696 2196 1005 1191 772 463 239 952 1500 268 106 309 120 169 196 121 195 140 228 81
internal_count=3696 2196 1005 1191 772 463 239 952 1500 268 106 309 120 169 196 121 195 140 228 81
is_linear=0
shrinkage=0.0805658


Tree=7
num_leaves=21
num_cat=5
split_feature=5 10 7 20 19 20 9 19 9 18 6 2 1 4 12 1 2 4 6 10
split_gain=1537.39 219.843 153.409 81.9371 63.8772 62.7163 45.4225 33.4019 46.4717 24.2963 23.3691 14.8088 18.6433 13.7036 10.0192 9.19693 7.02316 5.30647 3.06253 2.06451
threshold=247.30305264802408 5.1174171146953418 1443.1549198387461 0 1 2 87.967784498207905 3 79.103014112903239 4 758.39993928902788 -0.5 -0.6830127018922193 352.2070111337818 4.6185483870967756 0.25000000000000011 0.93301270189221952 2507.0289408112699 427.52911091448777 -0.57750336021505366
decision_type=10 8 10 1 9 1 10 9 10 1 10 2 2 10 10 2 2 8 10 10
left_child=3 2 7 9 6 11 13 8 -2 -1 19 15 -13 -3 -10 18 -7 -5 -6 -9
right_child=1 4 -4 17 5 16 -8 10 14 -11 -12 12 -14 -15 -16 -17 -18 -19 -20 -21
leaf_value=-10.353611377209742 -2.3121487957847302 0.096634810161258147 67.426844393093049 -3.7561876882375649 2.5451158087483416 22.186591213026727 13.594429326971254 -3.1812797090233613 1.9636721424213306 -1.7750911687290434 0.21528363840309792 3.9130788212190364 -5.0797344319574904 -2.2395417688553119 -0.04930447342525162 0.26110421044350318 0.65733988455334114 2.1143209803345333 11.340876693189848 -2.1046480648261494
leaf_weight=1381 85 78 170 41 40 938 54 177 85 75 51 51 58 56 39 42 47 71 64 93
leaf_count=1381 85 78 170 41 40 938 54 177 85 75 51 51 58 56 39 42 47 71 64 93
internal_value=-0.0117499 0.0326712 -0.00357561 -0.0723855 0.0508263 0.0572889 0.00206414 -0.0256866 0 -0.0775098 -0.0413577 0.0189584 0 -0.0198419 0.0318066 0.0358341 0.0672183 -0.000775465 0.0487164 -0.0521806
internal_weight=3696 2128 700 1568 1428 1240 188 530 209 1456 321 255 109 134 124 146 985 112 104 270
internal_count=3696 2128 700 1568 1428 1240 188 530 209 1456 321 255 109 134 124 146 985 112 104 270
cat_boundaries=0 1 2 3 4 5
cat_threshold=2 2 2 8 2
is_linear=0
shrinkage=0.0805658


Tree=8
num_leaves=21
num_cat=0
split_feature=8 8 9 1 8 8 2 1 11 2 7 4 12 8 4 10 2 4 12 11
split_gain=1506.49 177.817 115.312 72.6871 72.2216 62.619 62.2578 44.4409 36.2977 33.2483 27.4999 27.3824 22.8319 15.9639 10.141 9.2611 7.88951 7.11591 2.13163 1.49944
threshold=375.45119672725792 642.08704489726676 119.59004704301076 0.25000000000000011 2268.7416605349708 231.82396128707472 0.25000000000000017 0.25000000000000011 83.197043010752694 0.6830127018922193 360.68437779594279 563.40080757257226 2.8495138888888891 796.2486907954252 1044.1828827174277 -2.2502206541218635 0.93301270189221952 331.57179378647226 3.9429704301075272 72.897513440860223
decision_type=2 2 10 2 2 2 2 2 10 2 8 10 10 2 10 10 2 8 8 8
left_child=5 2 7 16 6 -1 13 9 -4 12 -7 19 -2 -5 -8 18 -3 -12 -13 -9
right_child=1 3 8 4 -6 10 14 11 -10 -11 17 15 -14 -15 -16 -17 -18 -19 -20 -21
leaf_value=-9.5026080277745759 4.6866633105000943 66.330091487418983 15.297256283511114 0.42948877597130714 96.352276657199326 0.51430765124996325 -0.66694443089821276 -1.4466891842684639 -0.77358915330756139 -1.7157217312109316 -0.91796686036620445 -0.41721288663947603 -0.094592615986767672 12.264624030351987 -3.3647655922023669 0.72312283880642381 3.3580908532134464 -3.43260162488576 -2.5648064913364963 -2.7791309450053272
leaf_weight=1380 156 509 199 92 185 86 64 61 42 84 44 44 119 110 81 96 65 80 71 128
leaf_count=1380 156 509 199 92 185 86 64 61 42 84 44 44 119 110 81 96 65 80 71 128
internal_value=-0.0140167 0.030488 0.00524163 0.0528027 0.0295251 -0.0733092 0.00604986 -0.00955782 0.0541111 0.00988371 -0.0279944 -0.0283929 0.0246042 0.0362691 -0.0321999 -0.00536839 0.0733778 -0.052544 -0.0224124 -0.0511005
internal_weight=3696 2106 1000 1106 532 1590 347 759 241 359 210 400 275 202 145 211 574 124 115 189
internal_count=3696 2106 1000 1106 532 1590 347 759 241 359 210 400 275 202 145 211 574 124 115 189
is_linear=0
shrinkage=0.0805658


Tree=9
num_leaves=21
num_cat=3
split_feature=8 6 2 19 9 3 8 4 20 7 9 11 5 17 9 4 8 4 8 7
split_gain=1397.75 204.938 130.166 84.7637 41.6683 39.7561 28.4405 22.1463 18.2773 17.7374 15.1335 17.4528 13.1007 12.7539 12.4049 15.5054 8.99015 9.87448 7.49407 7.43301
threshold=358.41886052675437 899.85278451654665 -0.5 0 73.463790322580664 1.0000000180025095e-35 231.82396128707472 355.35930504150809 1 794.96935945969801 60.971485695084503 78.8239247311828 284.293649302186 2 79.103014112903239 609.64731814505546 544.54774950863236 815.12285639266759 575.00231549676801 418.61596086868445
decision_type=2 10 2 9 8 2 2 8 1 10 8 10 8 9 10 10 2 10 2 10
left_child=6 2 4 5 18 9 -1 -5 -7 16 11 -3 -8 -6 -10 -16 -4 -18 -2 -9
right_child=1 10 3 7 13 8 12 19 14 -11 -12 -13 -14 -15 15 -17 17 -19 -20 -21
leaf_value=-8.7370225239703263 -0.90697607847010198 23.527061930284706 0.73396466135690619 0.38309470340381113 2.9037015057230606 -3.7032826226448607 0.72106736423817863 -2.0193191324919386 -0.67599311276833218 -1.3771908246709541 139.94204143995807 -1.1488439599315887 -2.6060233422874628 13.624365258682634 -0.23260033871652686 3.1307951053462757 6.6539643189348787 2.7355906840119015 5.7406837071921331 -3.0616577470052984
leaf_weight=1380 84 121 89 72 112 56 40 188 124 41 457 46 80 289 44 46 124 72 47 184
leaf_count=1380 84 121 89 72 112 56 40 188 124 41 457 46 80 289 44 46 124 72 47 184
internal_value=-0.0160656 0.0246901 0.0087662 -0.00736338 0.0413303 0.0118368 -0.0760959 -0.0338848 -0.00926331 0.0313751 0.0638879 0.0356702 -0.0301857 0.0542191 0 0.024156 0.0389897 0.0496888 0 -0.0426459
internal_weight=3696 2196 1572 1040 532 596 1500 444 270 326 624 167 120 401 214 90 285 196 131 372
internal_count=3696 2196 1572 1040 532 596 1500 444 270 326 624 167 120 401 214 90 285 196 131 372
cat_boundaries=0 1 2 3
cat_threshold=9 2 335544353
is_linear=0
shrinkage=0.0805658


end of trees

feature_importances:
consumption_roll_mean_12m=47
month_sin=18
month_cos=14
consumption_lag_2m=14
consumption_lag_1m=13
consumption_lag_3m=13
eur_per_mwh_lag_12m=12
consumption_lag_12m=8
avg_temp_lag_12m=7
avg_hum_lag_12m=7
wind_lag_12m=5
num_holidays=4
segment=4
p_type=4
c_bucket=4
region=1
municipality=1

parameters:
[boosting: gbdt]
[objective: regression_l1]
[metric: rmse]
[tree_learner: serial]
[device_type: cpu]
[data_sample_strategy: bagging]
[data: ]
[valid: ]
[num_iterations: 2000]
[learning_rate: 0.0805658]
[num_leaves: 21]
[num_threads: -1]
[seed: 42]
[deterministic: 0]
[force_col_wise: 0]
[force_row_wise: 0]
[histogram_pool_size: -1]
[max_depth: -1]
[min_data_in_leaf: 37]
[min_sum_hessian_in_leaf: 0.001]
[bagging_fraction: 0.952565]
[pos_bagging_fraction: 1]
[neg_bagging_fraction: 1]
[bagging_freq: 0]
[bagging_seed: 400]
[bagging_by_query: 0]
[feature_fraction: 0.850319]
[feature_fraction_bynode: 1]
[feature_fraction_seed: 30056]
[extra_trees: 0]
[extra_seed: 12879]
[early_stopping_round: 0]
[early_stopping_min_delta: 0]
[first_metric_only: 0]
[max_delta_step: 0]
[lambda_l1: 6.91888]
[lambda_l2: 0.321912]
[linear_lambda: 0]
[min_gain_to_split: 0]
[drop_rate: 0.1]
[max_drop: 50]
[skip_drop: 0.5]
[xgboost_dart_mode: 0]
[uniform_drop: 0]
[drop_seed: 17869]
[top_rate: 0.2]
[other_rate: 0.1]
[min_data_per_group: 100]
[max_cat_threshold: 32]
[cat_l2: 10]
[cat_smooth: 10]
[max_cat_to_onehot: 4]
[top_k: 20]
[monotone_constraints: ]
[monotone_constraints_method: basic]
[monotone_penalty: 0]
[feature_contri: ]
[forcedsplits_filename: ]
[refit_decay_rate: 0.9]
[cegb_tradeoff: 1]
[cegb_penalty_split: 0]
[cegb_penalty_feature_lazy: ]
[cegb_penalty_feature_coupled: ]
[path_smooth: 0]
[interaction_constraints: ]
[verbosity: -1]
[saved_feature_importance_type: 0]
[use_quantized_grad: 0]
[num_grad_quant_bins: 4]
[quant_train_renew_leaf: 0]
[stochastic_rounding: 1]
[linear_tree: 0]
[max_bin: 255]
[max_bin_by_feature: ]
[min_data_in_bin: 3]
[bin_construct_sample_cnt: 200000]
[data_random_seed: 175]
[is_enable_sparse: 1]
[enable_bundle: 1]
[use_missing: 1]
[zero_as_missing: 0]
[feature_pre_filter: 0]
[pre_partition: 0]
[two_round: 0]
[header: 0]
[label_column: ]
[weight_column: ]
[group_column: ]
[ignore_column: ]
[categorical_feature: 15,16,17,18,19,20]
[forcedbins_filename: ]
[precise_float_parser: 0]
[parser_config_file: ]
[objective_seed: 16083]
[num_class: 1]
[is_unbalance: 0]
[scale_pos_weight: 1]
[sigmoid: 1]
[boost_from_average: 1]
[reg_sqrt: 0]
[alpha: 0.9]
[fair_c: 1]
[poisson_max_delta_step: 0.7]
[tweedie_variance_power: 1.5]
[lambdarank_truncation_level: 30]
[lambdarank_norm: 1]
[label_gain: ]
[lambdarank_position_bias_regularization: 0]
[eval_at: ]
[multi_error_top_k: 1]
[auc_mu_weights: ]
[num_machines: 1]
[local_listen_port: 12400]
[time_out: 120]
[machine_list_filename: ]
[machines: ]
[gpu_platform_id: -1]
[gpu_device_id: -1]
[gpu_use_dp: 0]
[num_gpu: 1]

end of parameters

pandas_categorical:[["Eastern Finland", "Lapland", "Northern Finland", "Southern Finland", "Southwestern Finland", "Western and Inland Finland"], ["Etel\u00e4-Karjala", "Etel\u00e4-Pohjanmaa", "Etel\u00e4-Savo", "Kanta-H\u00e4me", "Keski-Suomi", "Lappi", "Pirkanmaa", "Pohjanmaa", "Pohjois-Karjala", "Pohjois-Pohjanmaa", "Pohjois-Savo", "P\u00e4ij\u00e4t-H\u00e4me", "Satakunta", "Uusimaa", "Varsinais-Suomi"], ["Espoo", "Etel\u00e4-Pohjanmaa", "Etel\u00e4-Savo", "Joensuu", "Jyv\u00e4skyl\u00e4", "Kanta-H\u00e4me", "Kanta-H\u00e4me_Others", "Keski-Suomi", "Keski-Suomi_Others", "Lahti", "Lappeenranta", "Lappi", "Lappi_Others", "Oulu", "Pirkanmaa", "Pirkanmaa_Others", "Pohjanmaa", "Pohjois-Karjala", "Pohjois-Karjala_Others", "Pohjois-Pohjanmaa", "Pohjois-Pohjanmaa_Others", "Pohjois-Savo_Others", "Pori", "P\u00e4ij\u00e4t-H\u00e4me", "P\u00e4ij\u00e4t-H\u00e4me_Others", "Rovaniemi", "Tampere", "Uusimaa_Others", "Vantaa", "Varsinais-Suomi_Others"], ["Enterprise", "Private"], ["Fixed Price", "Flat/Hybrid", "Portfolio", "Spot Price", "Variable Price"], ["High", "Low", "Medium"]]
