tree
version=v4
num_class=1
num_tree_per_iteration=1
label_index=0
max_feature_idx=20
objective=regression_l1
feature_names=year month_sin month_cos num_holidays consumption_lag_1m consumption_lag_2m consumption_lag_3m consumption_lag_12m consumption_roll_mean_12m eur_per_mwh_lag_12m avg_temp_lag_12m avg_hum_lag_12m wind_lag_12m rain_lag_12m air_pressure_lag_12m m_area region municipality segment p_type c_bucket
feature_infos=[2021:2023] [-1:1] [-1:1] [0:4] [73.64870663466057:8168.8974875004878] [73.64870663466057:8168.8974875004878] [73.64870663466057:8168.8974875004878] [93.3085077466786:8168.8974875004878] [91.032433583982652:7720.4945703093144] [36.833500000000001:261.53301075268814] [-12.473521505376343:21.38595430107527] [53.274755144217806:94.245967741935488] [0:6.1548387096774189] [0:0.19973118279569893] [996.08802083333342:1024.4669354838711] -1:3:5:0:2:1:4 -1:13:9:6:8:1:3:4:5:11:2:7:14:0:12 -1:0:1:3:5:20:15:13:4:26:2:9:11:16:28:29:8:10:17:22:27:6:7:12:14:18:19:21:23:24 -1:1:0 -1:3:4:1:0 -1:1:2:0
tree_sizes=1282 1398 1569 1503 1740 1579

Tree=0
num_leaves=14
num_cat=2
split_feature=4 2 4 19 20 6 6 10 6 7 5 2 1
split_gain=2088.18 373.805 245.517 88.8932 57.4703 29.0404 26.5371 22.6254 19.9771 4.80278 4.02093 1.97313 0.32215
threshold=242.94139990453468 0.25000000000000017 815.12285639266759 0 1 730.28006644575646 306.64931963075327 2.7548504719900966 235.21991396418878 824.26369417372109 423.48501436147984 1.0000000180025095e-35 -0.6830127018922193
decision_type=8 2 10 9 1 8 8 8 10 10 10 2 2
left_child=8 6 3 12 -5 -4 -2 9 -1 -6 -9 -8 -3
right_child=1 2 5 4 7 -7 11 10 -10 -11 -12 -13 -14
leaf_value=362.04926934968847 381.6814137802146 378.03692005983237 381.47807652190357 374.89555586698083 380.16621043357918 462.83545704414803 411.39484328922128 388.03725698441087 379.40582000926099 382.18639960662597 382.9292695199199 394.41880562542417 375.12920242920018
leaf_weight=1347 43 46 71 102 46 234 1175 70 39 38 49 211 225
leaf_count=1347 43 46 71 102 46 234 1175 70 39 38 49 211 225
internal_value=380.906 380.953 380.911 380.88 380.909 380.97 380.978 380.936 380.828 380.906 380.958 380.98 380.848
internal_weight=3696 2310 881 576 305 305 1429 203 1386 84 119 1386 271
internal_count=3696 2310 881 576 305 305 1429 203 1386 84 119 1386 271
cat_boundaries=0 1 2
cat_threshold=18 2
is_linear=0
shrinkage=1


Tree=1
num_leaves=15
num_cat=0
split_feature=8 2 8 6 10 7 2 8 6 8 6 6 8 11
split_gain=2185.6 229.888 280.527 103.108 55.9889 46.06 31.207 26.4918 11.2677 8.35642 7.44522 3.99685 1.27945 0.93174
threshold=379.69688132362569 0.25000000000000017 634.9450085997305 253.41104721204155 8.3234408602150562 1443.1549198387461 0.6830127018922193 462.79287984216973 453.75436220839191 470.15462579094117 322.25422637462538 579.88319315757474 577.88082353473919 85.476769713261675
decision_type=2 2 2 10 10 8 2 2 10 2 10 8 2 8
left_child=3 9 6 -1 13 8 7 -3 -4 10 -2 -9 -8 -5
right_child=1 2 5 4 -6 -7 12 11 -10 -11 -12 -13 -14 -15
leaf_value=-17.359271365907222 1.642004377446038 -3.5615669506826668 2.2949043385011696 -3.3898388280775675 3.3614838070237991 45.238873460787225 -4.6464104706686831 1.8026761588199673 -0.55160414551467185 35.117019109238619 7.9365499909556156 -0.15611322005671546 -1.0525394225522431 -4.7890782799948743
leaf_weight=1419 37 48 42 39 75 335 147 44 57 1076 203 42 45 87
leaf_count=1419 37 48 42 39 75 335 147 44 57 1076 203 42 45 87
internal_value=-0.00168008 0.0528905 0.0166448 -0.0719519 -0.0144391 0.0595599 -0.0387819 -0.00424723 0.00493276 0.0733901 0.0513191 0.0178088 -0.0599383 -0.0491609
internal_weight=3696 2076 760 1620 201 434 326 134 99 1316 240 86 192 126
internal_count=3696 2076 760 1620 201 434 326 134 99 1316 240 86 192 126
is_linear=0
shrinkage=0.0805658


Tree=2
num_leaves=17
num_cat=1
split_feature=8 2 8 8 8 5 2 9 6 14 2 4 18 4 9 6
split_gain=2029.02 333.843 291.896 60.2249 35.3734 33.8116 30.4547 23.852 22.9644 12.5783 14.2268 3.73424 2.89767 2.35422 0.895079 0.330823
threshold=358.41886052675437 0.25000000000000017 896.44917586752047 517.88408269223726 501.15714985077921 467.41407954825809 -0.5 79.103014112903239 306.64931963075327 1010.2960349462367 0.6830127018922193 576.93127475281653 0 430.8292706154258 83.453725198412712 386.46491867920571
decision_type=2 2 2 2 2 8 2 10 10 8 2 10 1 10 10 10
left_child=8 4 3 11 6 15 -2 -8 12 14 -11 -3 -1 -9 -7 -5
right_child=1 2 -4 5 -6 9 7 13 -10 10 -12 -13 -14 -15 -16 -17
leaf_value=-15.985713530557069 8.0856870537980203 -4.4413147800954063 78.729535815036996 1.3436054365186418 34.587493301327306 0.33593569456468964 -1.2046886955610023 1.8694468105456468 -2.3433001390002501 -0.057871534470113194 -1.7778786046077621 -0.7878746282900313 -3.398513054483598 9.0707528480929209 -0.47566818075125267 6.2495281013045139
leaf_weight=1402 227 197 243 37 1005 41 70 48 56 62 103 40 42 42 43 38
leaf_count=1402 227 197 243 37 1005 41 70 48 56 62 103 40 42 42 43 38
internal_value=-0.00460077 0.0445718 0.00251228 -0.0287174 0.0684582 -0.00424318 0.0441144 0.0126039 -0.0769551 -0.0200609 -0.0331778 -0.0597759 -0.0790463 0.0419957 0 0.0407323
internal_weight=3696 2196 804 561 1392 324 387 160 1500 249 165 237 1444 90 84 75
internal_count=3696 2196 804 561 1392 324 387 160 1500 249 165 237 1444 90 84 75
cat_boundaries=0 1
cat_threshold=2
is_linear=0
shrinkage=0.0805658


Tree=3
num_leaves=16
num_cat=1
split_feature=8 2 8 8 8 1 2 6 10 9 14 18 11 6 8
split_gain=1901.84 356.131 254.704 54.1914 48.9544 48.099 43.4702 29.5894 26.1076 24.939 7.55993 2.89767 2.38146 1.93169 0.846765
threshold=358.41886052675437 0.25000000000000017 1326.0635522760344 485.74561328835995 541.02987282494257 -0.6830127018922193 -0.5 306.64931963075327 -6.9620403705837157 79.103014112903239 1016.2077662037038 0 87.517881144393257 512.31546152482088 450.90769129898064
decision_type=2 2 2 2 2 2 2 10 10 10 10 1 10 10 2
left_child=7 4 3 -3 6 -5 -2 11 12 14 -11 -1 -7 -10 -8
right_child=1 2 -4 5 -6 8 9 -9 13 10 -12 -13 -14 -15 -16
leaf_value=-14.697811250341891 7.9009467599448371 -4.3372047178691133 93.478398350579766 5.4823930586115521 36.468177358765502 -1.7534432017057346 -1.4378073546555064 -2.1545102181451012 -0.54031132950460714 6.0227624216742042 2.124085435520056 -3.1247090291678785 -0.85395988599860939 0.40335565618670516 -0.26402612945874471
leaf_weight=1402 279 184 203 66 914 179 47 56 66 60 52 42 38 68 40
leaf_count=1402 279 184 203 66 914 179 47 56 66 60 52 42 38 68 40
internal_value=-0.00669321 0.0409036 -0.00110995 -0.0281469 0.065565 -0.0104406 0.0419538 -0.0767403 -0.0234094 0.00973358 0.0366393 -0.0790463 -0.0408094 0.000648455 -0.0185275
internal_weight=3696 2196 804 601 1392 417 478 1500 351 199 112 1444 217 134 87
internal_count=3696 2196 804 601 1392 417 478 1500 351 199 112 1444 217 134 87
cat_boundaries=0 1
cat_threshold=2
is_linear=0
shrinkage=0.0805658


Tree=4
num_leaves=19
num_cat=1
split_feature=8 2 8 6 7 1 7 8 2 0 6 16 2 10 1 12 10 6
split_gain=1824.95 271.476 219.342 114.085 66.3571 51.0888 33.0285 32.5787 45.7804 43.8321 18.3059 10.6293 4.40805 3.78578 2.83384 2.83381 2.58823 1.65795
threshold=389.14804584630497 0.25000000000000017 1449.5033777528251 253.41104721204155 360.68437779594279 -0.6830127018922193 794.96935945969801 575.00231549676801 -0.5 2022.5000000000002 377.32273972322577 0 0.25000000000000017 -6.0838481662826416 0.25000000000000011 2.9245138888888893 19.151987007168461 366.97087944021263
decision_type=2 2 2 10 8 2 10 2 2 2 10 9 2 10 2 10 10 10
left_child=3 7 5 -1 17 10 11 8 16 15 -3 14 -6 -8 -7 -10 -2 -5
right_child=1 2 -4 4 12 6 13 -9 9 -11 -12 -13 -14 -15 -16 -17 -18 -19
leaf_value=-13.488663614360176 9.9016739963590243 -0.73845753785451251 89.518311503823355 1.4016931000692407 -0.71648155296434091 -1.4809856665973564 -1.0368995723401391 44.757266755370402 -0.077482692279341292 7.3750396381620682 6.5120069210748355 -3.1301042476429735 -3.8956246505647369 0.41432812627233212 -0.047808790689209582 -2.3288163423508514 3.6875002957847163 7.3250777573767341
leaf_weight=1421 232 39 194 51 67 41 68 822 52 79 48 208 82 79 65 61 43 44
leaf_count=1421 232 39 194 51 67 41 68 822 52 79 48 208 82 79 65 61 43 44
internal_value=-0.00808816 0.0429966 0.0033733 -0.0707333 -0.0168441 -0.0219047 -0.033196 0.0653664 0.0451825 0.0113446 0.0314443 -0.0479519 -0.0518401 0 -0.0132158 -0.0171204 0.066742 0.0321861
internal_weight=3696 2031 742 1665 244 548 461 1289 467 192 87 314 149 147 106 113 275 95
internal_count=3696 2031 742 1665 244 548 461 1289 467 192 87 314 149 147 106 113 275 95
cat_boundaries=0 1
cat_threshold=10256
is_linear=0
shrinkage=0.0805658


Tree=5
num_leaves=17
num_cat=2
split_feature=8 2 8 19 6 2 9 9 14 7 5 18 9 8 6 8
split_gain=1742.68 323.704 267.022 82.8478 37.994 28.5894 28.5229 24.2016 21.9649 20.9134 17.4724 16.2987 11.3373 1.40289 0.446268 0.0716428
threshold=352.82573837416902 1.0000000180025095e-35 1679.9006045821743 0 481.22591957091282 0.6830127018922193 60.971485695084503 119.59004704301076 1018.8554315476191 878.53411242370851 360.44178655589729 1 73.463790322580664 442.49500750043632 377.32273972322577 531.57697718570205
decision_type=2 2 2 9 10 2 8 10 10 10 10 1 10 2 10 2
left_child=11 4 3 5 7 6 -3 12 15 -7 -8 -1 -2 -6 -14 -5
right_child=1 2 -4 8 13 9 10 -9 -10 -11 -12 -13 14 -15 -16 -17
leaf_value=-12.417142386851506 2.6669157106551267 -1.324513851582332 95.596989538653986 -3.5647859588264761 5.7149230317490449 -1.4928587550547505 -0.67189908006080346 7.4947021812772885 0.60722105065430265 0.84026416106468016 4.9862340960807501 -3.1306281060388037 -1.5578825291542735 32.300746165742204 2.7977766936652886 -2.1758404703748346
leaf_weight=1407 168 60 231 193 46 145 37 125 39 64 141 63 37 794 37 109
leaf_count=1407 168 60 231 193 46 145 37 125 39 64 141 63 37 794 37 109
internal_value=-0.00935234 0.0354309 0.00142911 -0.0203459 0.0636668 0.00177598 0.022001 0.0386204 -0.0495521 -0.0185059 0.0393432 -0.0775389 0.0203079 0.0739274 0 -0.058383
internal_weight=3696 2226 1019 788 1207 447 238 367 341 209 178 1470 242 840 74 302
internal_count=3696 2226 1019 788 1207 447 238 367 341 209 178 1470 242 840 74 302
cat_boundaries=0 1 2
cat_threshold=9 2
is_linear=0
shrinkage=0.0805658


end of trees

feature_importances:
consumption_roll_mean_12m=21
consumption_lag_3m=16
month_cos=14
eur_per_mwh_lag_12m=6
consumption_lag_12m=5
avg_temp_lag_12m=5
month_sin=4
consumption_lag_1m=4
consumption_lag_2m=3
air_pressure_lag_12m=3
segment=3
avg_hum_lag_12m=2
p_type=2
year=1
wind_lag_12m=1
region=1
c_bucket=1

parameters:
[boosting: gbdt]
[objective: regression_l1]
[metric: rmse]
[tree_learner: serial]
[device_type: cpu]
[data_sample_strategy: bagging]
[data: ]
[valid: ]
[num_iterations: 2000]
[learning_rate: 0.0805658]
[num_leaves: 21]
[num_threads: -1]
[seed: 42]
[deterministic: 0]
[force_col_wise: 0]
[force_row_wise: 0]
[histogram_pool_size: -1]
[max_depth: -1]
[min_data_in_leaf: 37]
[min_sum_hessian_in_leaf: 0.001]
[bagging_fraction: 0.952565]
[pos_bagging_fraction: 1]
[neg_bagging_fraction: 1]
[bagging_freq: 0]
[bagging_seed: 400]
[bagging_by_query: 0]
[feature_fraction: 0.850319]
[feature_fraction_bynode: 1]
[feature_fraction_seed: 30056]
[extra_trees: 0]
[extra_seed: 12879]
[early_stopping_round: 0]
[early_stopping_min_delta: 0]
[first_metric_only: 0]
[max_delta_step: 0]
[lambda_l1: 6.91888]
[lambda_l2: 0.321912]
[linear_lambda: 0]
[min_gain_to_split: 0]
[drop_rate: 0.1]
[max_drop: 50]
[skip_drop: 0.5]
[xgboost_dart_mode: 0]
[uniform_drop: 0]
[drop_seed: 17869]
[top_rate: 0.2]
[other_rate: 0.1]
[min_data_per_group: 100]
[max_cat_threshold: 32]
[cat_l2: 10]
[cat_smooth: 10]
[max_cat_to_onehot: 4]
[top_k: 20]
[monotone_constraints: ]
[monotone_constraints_method: basic]
[monotone_penalty: 0]
[feature_contri: ]
[forcedsplits_filename: ]
[refit_decay_rate: 0.9]
[cegb_tradeoff: 1]
[cegb_penalty_split: 0]
[cegb_penalty_feature_lazy: ]
[cegb_penalty_feature_coupled: ]
[path_smooth: 0]
[interaction_constraints: ]
[verbosity: -1]
[saved_feature_importance_type: 0]
[use_quantized_grad: 0]
[num_grad_quant_bins: 4]
[quant_train_renew_leaf: 0]
[stochastic_rounding: 1]
[linear_tree: 0]
[max_bin: 255]
[max_bin_by_feature: ]
[min_data_in_bin: 3]
[bin_construct_sample_cnt: 200000]
[data_random_seed: 175]
[is_enable_sparse: 1]
[enable_bundle: 1]
[use_missing: 1]
[zero_as_missing: 0]
[feature_pre_filter: 0]
[pre_partition: 0]
[two_round: 0]
[header: 0]
[label_column: ]
[weight_column: ]
[group_column: ]
[ignore_column: ]
[categorical_feature: 15,16,17,18,19,20]
[forcedbins_filename: ]
[precise_float_parser: 0]
[parser_config_file: ]
[objective_seed: 16083]
[num_class: 1]
[is_unbalance: 0]
[scale_pos_weight: 1]
[sigmoid: 1]
[boost_from_average: 1]
[reg_sqrt: 0]
[alpha: 0.9]
[fair_c: 1]
[poisson_max_delta_step: 0.7]
[tweedie_variance_power: 1.5]
[lambdarank_truncation_level: 30]
[lambdarank_norm: 1]
[label_gain: ]
[lambdarank_position_bias_regularization: 0]
[eval_at: ]
[multi_error_top_k: 1]
[auc_mu_weights: ]
[num_machines: 1]
[local_listen_port: 12400]
[time_out: 120]
[machine_list_filename: ]
[machines: ]
[gpu_platform_id: -1]
[gpu_device_id: -1]
[gpu_use_dp: 0]
[num_gpu: 1]

end of parameters

pandas_categorical:[["Eastern Finland", "Lapland", "Northern Finland", "Southern Finland", "Southwestern Finland", "Western and Inland Finland"], ["Etel\u00e4-Karjala", "Etel\u00e4-Pohjanmaa", "Etel\u00e4-Savo", "Kanta-H\u00e4me", "Keski-Suomi", "Lappi", "Pirkanmaa", "Pohjanmaa", "Pohjois-Karjala", "Pohjois-Pohjanmaa", "Pohjois-Savo", "P\u00e4ij\u00e4t-H\u00e4me", "Satakunta", "Uusimaa", "Varsinais-Suomi"], ["Espoo", "Etel\u00e4-Pohjanmaa", "Etel\u00e4-Savo", "Joensuu", "Jyv\u00e4skyl\u00e4", "Kanta-H\u00e4me", "Kanta-H\u00e4me_Others", "Keski-Suomi", "Keski-Suomi_Others", "Lahti", "Lappeenranta", "Lappi", "Lappi_Others", "Oulu", "Pirkanmaa", "Pirkanmaa_Others", "Pohjanmaa", "Pohjois-Karjala", "Pohjois-Karjala_Others", "Pohjois-Pohjanmaa", "Pohjois-Pohjanmaa_Others", "Pohjois-Savo_Others", "Pori", "P\u00e4ij\u00e4t-H\u00e4me", "P\u00e4ij\u00e4t-H\u00e4me_Others", "Rovaniemi", "Tampere", "Uusimaa_Others", "Vantaa", "Varsinais-Suomi_Others"], ["Enterprise", "Private"], ["Fixed Price", "Flat/Hybrid", "Portfolio", "Spot Price", "Variable Price"], ["High", "Low", "Medium"]]
